1 0.954950 0.201422 0.038932 0.075829
1 0.754727 0.186019 0.047831 0.092417
1 0.635706 0.561611 0.034483 0.090047
1 0.518354 0.199052 0.046719 0.090047
1 0.439933 0.569905 0.041157 0.082938
1 0.389321 0.261848 0.037820 0.082938
1 0.278643 0.562796 0.036707 0.087678
1 0.215795 0.223934 0.040044 0.078199
1 0.103448 0.598341 0.037820 0.078199
0 0.164627 0.338863 0.044494 0.094787
0 0.338710 0.277251 0.047831 0.109005
0 0.481646 0.263033 0.046719 0.109005
0 0.670745 0.231043 0.055617 0.120853
0 0.871524 0.287915 0.050056 0.106635
